s=0.25000000 kappa=1.50000000 c_1s=0.199471140201
mesh_convergence
cells mu1 gap m1
   60 1.3794549573 0.9105539931 0.9628386433
  120 1.3753692130 0.8998883318 0.9633505837
  180 1.3741292905 0.8969647744 0.9636021778
asymptotic_mesh cells=180 mu1=1.3741292905 gap=0.8969647744 m1=0.9636021778
configuration=two_wells theta=[-0.18521477 +0.18521477]
L scaled_shifts max_abs_error
  3.0 [-0.19073969 +0.18983213] 5.52492390e-03
  4.0 [-0.18824201 +0.18777753] 3.02724296e-03
  6.0 [-0.18654355 +0.18633540] 1.32877928e-03
  8.0 [-0.18596305 +0.18583755] 7.48283349e-04
 12.0 [-0.18555071 +0.18548609] 3.35940722e-04
 16.0 [-0.18540593 +0.18536479] 1.91159882e-04
 24.0 [-0.18530156 +0.18527949] 8.67909149e-05
configuration=three_collinear_wells theta=[-0.29671332 +0.06548331 +0.23123001]
L scaled_shifts max_abs_error
  3.0 [-0.30498358 +0.06556153 +0.23754436] 8.27026105e-03
  4.0 [-0.30127923 +0.06559317 +0.23471718] 4.56591395e-03
  6.0 [-0.29873846 +0.06555350 +0.23274709] 2.02514771e-03
  8.0 [-0.29786263 +0.06552707 +0.23207055] 1.14931680e-03
 12.0 [-0.29723551 +0.06550397 +0.23159465] 5.22191390e-04
 16.0 [-0.29701327 +0.06549504 +0.23143097] 2.99953702e-04
 24.0 [-0.29685154 +0.06548844 +0.23131623] 1.38220035e-04
completed elapsed_seconds=27.019
